from_stop_id,to_stop_id,transfer_type,min_transfer_time
4117655,9048848,2,46
9048874,9375389,2,33
7661341,9048875,2,146
9216781,6456051,2,93
9216781,6456052,2,115
9195977,9216775,2,134
8926137,9216715,2,119
8926137,9216714,2,117
9195977,9216774,2,140
9216783,6456144,2,26
9049287,9048848,2,99
4677650,9216782,2,27
4677650,9216783,2,27
3731650,9216729,2,79
9048874,9375390,2,33
3731650,9216728,2,83
5747183,9216715,2,104
5747183,9216714,2,106
8926253,9216723,2,24
8926253,9216722,2,40
9216753,7260976,2,16
9216753,7260977,2,45
4015899,9216779,2,27
3689919,9216720,2,74
3689919,9216721,2,66
4015899,9216778,2,23
9216780,5121484,2,105
8926252,9048849,2,36
9216781,6456077,2,93
8926180,9048847,2,135
6640164,9048843,2,54
5158043,9048877,2,23
9128733,9048879,2,132
4035530,9048846,2,51
5775609,9048873,2,81
9416758,9048854,2,60
4614717,9216717,2,139
5158032,9216764,2,38
9216780,8766096,2,75
9216780,8766097,2,105
5158032,9048870,2,38
9216782,6456082,2,27
5158032,9216765,2,7
9216793,9216715,2,85
9216793,9216714,2,90
4117663,9048852,2,134
9216772,9375389,2,33
5991385,9216714,2,117
5991385,9216715,2,117
5158045,9216781,2,67
4117665,9048852,2,115
5158045,9216780,2,76
4035524,9048845,2,108
9048878,1662797,2,225
9048878,1662798,2,225
9216746,3972564,2,121
9048683,9048845,2,124
5747180,9048845,2,108
4658218,9216738,2,54
4658218,9216739,2,59
4035535,9048848,2,32
7170688,9048879,2,132
5775608,9048874,2,27
9216772,9375390,2,33
4614716,9216721,2,75
4614716,9216720,2,63
3741090,9048861,2,135
5158037,9216770,2,48
4036936,9048848,2,80
4614713,9216718,2,135
5158037,9216771,2,38
4614713,9216719,2,134
4035527,9216715,2,104
4035527,9216714,2,106
4035570,9216717,2,139
9048868,4798990,2,133
9048868,4798991,2,126
9048878,6449066,2,75
4016819,9048871,2,135
5747181,9216715,2,119
9416753,9216733,2,109
9416753,9216736,2,82
8926250,9048850,2,78
5158037,9048873,2,48
6673041,9216746,2,121
6673041,9216747,2,144
5158044,9216779,2,36
6673041,9048861,2,121
5158044,9216778,2,45
8007465,9048852,2,59
5775606,9048875,2,146
9216761,4799008,2,142
9216761,4799009,2,133
9160980,9216772,2,36
8926313,9048849,2,36
9160980,9216773,2,36
5991365,9048843,2,42
8926318,9216714,2,106
4015893,9216776,2,81
4015893,9216777,2,99
8926250,9216725,2,76
6748611,9216751,2,107
8007432,9216724,2,66
3689918,9216723,2,122
9295893,9216765,2,129
4000548,9048864,2,29
6748611,9216750,2,115
4015899,9048877,2,23
9185041,9048875,2,113
8926250,9216724,2,78
8007432,9216725,2,69
9049250,9048848,2,99
9216794,9216715,2,113
7714433,9048867,2,109
9216794,9216714,2,108
8926318,9216715,2,104
3689922,9048849,2,143
9048857,9416004,2,106
7661302,9048874,2,33
9048857,9416005,2,100
9216781,8766113,2,86
8926257,9048847,2,44
5775613,9048875,2,104
8926079,9048846,2,51
9195978,9048875,2,113
9159900,9216760,2,111
9159900,9216761,2,97
8926251,9216724,2,66
8926251,9216725,2,69
4658219,9048857,2,68
8007465,9216728,2,59
8926080,9048847,2,44
9048938,9216723,2,10
8007465,9216729,2,53
9048938,9216722,2,36
8926258,9216717,2,139
4614711,9216717,2,51
4614711,9216716,2,51
4614712,9216719,2,36
9002447,9216760,2,111
9002447,9216761,2,97
4614712,9216718,2,44
4211764,9216757,2,20
5158041,9216776,2,63
4211764,9216756,2,30
5158041,9216777,2,66
9160980,9048874,2,36
5158042,9216776,2,63
5158042,9216777,2,56
5158041,9048876,2,63
9216738,9416180,2,100
8926254,9048848,2,28
4035531,9216719,2,36
4035531,9216718,2,44
9216780,8766076,2,105
9216738,9416178,2,72
9216738,9416179,2,106
5991321,9216746,2,141
8926252,9216723,2,10
5747236,9216717,2,139
4614705,9216715,2,71
8926252,9216722,2,36
4614705,9216714,2,68
5775612,9048873,2,53
4614617,9048845,2,124
9048860,7985573,2,125
8926178,9216720,2,28
9048860,7985572,2,129
8926178,9216721,2,32
5158029,9216762,2,18
5158029,9216763,2,17
8926256,9216718,2,135
8926256,9216719,2,134
3688570,9216722,2,40
5747197,9216729,2,79
3688570,9216723,2,24
9416752,9048855,2,106
5747197,9216728,2,83
4035531,9048847,2,44
9216783,8092793,2,26
5775613,9216775,2,15
5775613,9216774,2,104
9416762,9216735,2,22
4614617,9216714,2,124
9048906,9048852,2,63
3741091,9216747,2,117
4614761,9216715,2,126
3741091,9216746,2,135
4614617,9216715,2,126
6748621,9048857,2,54
9159900,9048868,2,111
9416762,9216732,2,12
5020461,9048879,2,108
8926175,9216724,2,66
4614761,9216714,2,124
8926175,9216725,2,69
5747180,9216714,2,108
5747180,9216715,2,113
8926134,9216717,2,139
8926079,9216716,2,51
8926079,9216717,2,51
9159836,9216760,2,111
9159836,9216761,2,97
5158030,9048869,2,23
9048906,9216728,2,63
4117664,9048852,2,100
4614760,9048845,2,106
4677650,9048879,2,10
8926136,9216715,2,104
9216781,5121515,2,86
9160979,9216771,2,38
9160979,9216770,2,53
8926136,9216714,2,106
9216739,9416180,2,62
5150850,9216766,2,14
9048861,4035737,2,121
5775607,9048874,2,33
5150850,9216767,2,21
5150795,9216767,2,137
9160981,9216774,2,146
9160981,9216775,2,116
8926254,9216720,2,28
9048683,9216714,2,124
9048683,9216715,2,126
8926254,9216721,2,32
4614624,9216718,2,135
4614624,9216719,2,134
8926127,9216730,2,10
8926087,9048852,2,63
8926127,9216731,2,19
9216739,9416179,2,68
4614756,9216720,2,63
9216739,9416178,2,73
4614756,9216721,2,75
9048878,6456077,2,80
9049424,9048845,2,108
9216747,4035737,2,144
9048879,6456082,2,10
9048941,9216717,2,139
7714396,9216755,2,135
8926133,9216718,2,135
8926133,9216719,2,134
5775608,9216773,2,35
5775608,9216772,2,27
9049423,9216714,2,138
9049423,9216715,2,141
9216782,8092793,2,26
8926129,9216728,2,134
8926181,9216718,2,44
8926129,9216729,2,134
4036942,9216729,2,134
8926181,9216719,2,36
9216780,8766113,2,75
9002448,9216761,2,97
9002448,9216760,2,111
4036943,9216728,2,59
4036943,9216729,2,53
3731651,9048852,2,59
9048938,9048849,2,36
7714435,9048866,2,30
9048939,9048848,2,28
3741091,9048861,2,135
9159837,9048868,2,111
5158039,9216773,2,20
5158039,9216772,2,33
4036944,9048852,2,83
4036942,9216728,2,134
5158034,9048871,2,70
9048878,6456051,2,80
9048878,6456052,2,105
3688567,9048850,2,78
9185041,9216774,2,113
9216755,1716,2,317
9185041,9216775,2,123
4035524,9216714,2,108
4035524,9216715,2,113
4614712,9048847,2,44
3688572,9216721,2,39
3741090,9216747,2,117
3688572,9216720,2,51
8926136,9048845,2,106
7714433,9216759,2,107
4614628,9216717,2,139
3741090,9216746,2,135
7714433,9216758,2,109
8926082,9216720,2,80
5158044,9048877,2,45
7661340,9216773,2,36
8926082,9216721,2,83
7661340,9216772,2,36
5158043,9216778,2,23
4117664,9216728,2,100
5158043,9216779,2,27
4000549,9048864,2,40
9295892,9216765,2,84
9295892,9216764,2,108
8926312,9216725,2,76
8926312,9216724,2,78
8926314,9216720,2,28
8926300,9216716,2,51
8926314,9216721,2,32
8926300,9216717,2,51
6748611,9048863,2,115
4117663,9216728,2,134
8007436,9216720,2,103
8007436,9216721,2,109
4117663,9216729,2,134
7661339,9216770,2,53
9196013,9216774,2,104
9196013,9216775,2,15
7714395,9216756,2,30
7714395,9216757,2,20
7661339,9216771,2,38
9216738,9416005,2,100
9216738,9416004,2,106
5747187,9048847,2,44
8926230,9216717,2,51
8926230,9216716,2,51
5158091,9216769,2,144
4035535,9216721,2,45
4035535,9216720,2,32
9216781,6448956,2,97
9216781,6448957,2,97
8926127,9048853,2,10
5020461,9216782,2,93
5020461,9216783,2,93
6640163,9048843,2,42
9216781,6448958,2,115
2236,9216739,2,194
9216780,6456051,2,80
9216780,6456052,2,105
5775605,9216775,2,117
2236,9216738,2,205
7714394,9216758,2,109
7661341,9216774,2,146
7714394,9216759,2,107
7661341,9216775,2,116
3688571,9216721,2,66
3688571,9216720,2,74
3688569,9216723,2,9
4036936,9216721,2,83
4036936,9216720,2,80
3688569,9216722,2,19
9048878,6448958,2,105
8926257,9216718,2,44
8926257,9216719,2,36
4614713,9048847,2,135
4016820,9216766,2,139
9375296,9048843,2,54
9048878,6448956,2,82
8926178,9048848,2,28
9048878,6448957,2,82
5158038,9216772,2,36
5158038,9216773,2,36
9375296,9216711,2,49
4000548,9216753,2,16
5158035,9216769,2,34
5158035,9216768,2,31
9375296,9216710,2,54
4000548,9216752,2,29
8926132,9048848,2,32
4658219,9216739,2,62
9216780,6456077,2,80
4658219,9216738,2,68
9216752,7260976,2,29
9216752,7260977,2,40
7714395,9048866,2,30
7661303,9216770,2,81
7661303,9216771,2,68
7714435,9216756,2,30
5150793,9048871,2,14
5747235,9216721,2,45
5747235,9216720,2,32
4035525,9048845,2,117
8007464,9216729,2,79
2550,9216721,2,207
9375301,9048845,2,90
8007464,9216728,2,83
7714435,9216757,2,20
8007435,9048848,2,103
2550,9216720,2,210
8007431,9216725,2,76
5747186,9216716,2,51
8007431,9216724,2,78
5747186,9216717,2,51
8926128,9216728,2,17
8926128,9216729,2,18
4614626,9048848,2,63
4146243,9216756,2,67
4117665,9216728,2,115
4146243,9216757,2,83
8926076,9048845,2,68
7714394,9048867,2,109
4211763,9048866,2,69
9048879,8092793,2,29
6748622,9048857,2,68
4614757,9216718,2,135
9049249,9048848,2,99
4614757,9216719,2,134
1911,9216738,2,205
1911,9216739,2,194
4614627,9048848,2,63
5991322,9216746,2,137
4614622,9216716,2,51
4614622,9216717,2,51
5158040,9216775,2,116
5158040,9216774,2,146
4035525,9216715,2,119
4035525,9216714,2,117
5150852,9216767,2,137
9216745,9417308,2,48
4614619,9048845,2,106
4015900,9216779,2,36
9216745,9417307,2,95
4015900,9216778,2,45
9416763,9216731,2,114
4614616,9216714,2,68
9416763,9216730,2,103
4614616,9216715,2,71
9216744,7985572,2,129
7661302,9216772,2,33
9216744,7985573,2,125
3731650,9048852,2,83
7661302,9216773,2,20
9048940,9216719,2,134
4016820,9048871,2,139
9048940,9216718,2,135
9216781,6449066,2,86
4035537,9216723,2,119
4035537,9216722,2,143
9048878,5121484,2,105
8926256,9048847,2,135
5158042,9048876,2,63
9216762,9159820,2,90
4015894,9216776,2,68
9216781,8766076,2,115
9216762,9159821,2,97
4015894,9216777,2,84
9295894,9216765,2,112
8926087,9216728,2,63
9295894,9216764,2,86
9216773,9375389,2,20
9216761,4798990,2,142
9216761,4798991,2,133
9160979,9048873,2,53
9295895,9216765,2,72
9295895,9216764,2,45
5158035,9048872,2,31
8926176,9048849,2,36
9295894,9048870,2,86
9216781,6449047,2,115
9216780,6448956,2,82
8007434,9216723,2,24
5991360,9216715,2,129
5991360,9216714,2,131
8007434,9216722,2,40
9416752,9216733,2,132
9216781,8766096,2,86
9216781,8766097,2,115
9416752,9216736,2,106
8926176,9216722,2,36
8926176,9216723,2,10
9216780,6448957,2,82
9216780,6448958,2,105
9160981,9048875,2,146
9216745,7985572,2,99
9048939,9216720,2,28
8926137,9048845,2,117
9048868,4799008,2,133
9048868,4799009,2,126
9048939,9216721,2,32
5158090,9048875,2,97
9216773,9375390,2,20
3689920,9048848,2,87
8926174,9216725,2,76
4016819,9216767,2,130
8926174,9216724,2,78
4016819,9216766,2,135
9048940,9048847,2,135
3688572,9048848,2,51
8926129,9048852,2,134
9048878,8092798,2,53
9216780,8092798,2,53
9216780,8092799,2,36
8926180,9216718,2,135
8926180,9216719,2,134
5158034,9216767,2,63
9216745,7985573,2,95
5158034,9216766,2,70
9048878,8092799,2,36
4614623,9048847,2,44
9295892,9048870,2,108
4614622,9048846,2,51
5150793,9216766,2,14
5150793,9216767,2,21
8926175,9048850,2,66
9216780,6449047,2,105
9216781,8092798,2,46
9216760,4799009,2,126
9216760,4799008,2,133
9048861,3972564,2,121
4614757,9048847,2,135
4614708,9048845,2,106
9048860,7985600,2,28
4614616,9048845,2,68
8926230,9048846,2,51
9216781,8092799,2,38
8926251,9048850,2,66
9216781,5121484,2,115
4015894,9048876,2,68
2550,9048848,2,210
4614619,9216714,2,106
8007434,9048849,2,40
8926174,9048850,2,78
4614619,9216715,2,104
4015900,9048877,2,45
8007436,9048848,2,103
4677643,9048879,2,132
8926314,9048848,2,28
9216780,6449066,2,75
8926128,9048852,2,17
5150792,9216766,2,70
5150792,9216767,2,63
9216781,6456145,2,46
4146244,9048866,2,67
9216763,9159821,2,91
8007433,9048849,2,36
9216763,9159820,2,90
5158039,9048874,2,33
3688568,9216725,2,69
9216755,2461,2,317
9049423,9048845,2,138
9048857,9416180,2,100
3688568,9216724,2,66
4614706,9216715,2,126
4015927,9216781,2,124
4614706,9216714,2,124
4035532,9216718,2,135
4035532,9216719,2,134
9216794,9048845,2,108
5150849,9048871,2,70
8926182,9216717,2,139
4015927,9216780,2,125
7661301,9216775,2,117
6748621,9216739,2,59
6748621,9216738,2,54
9049287,9216721,2,108
9048731,9216714,2,138
9049287,9216720,2,99
9048731,9216715,2,141
4658218,9048857,2,54
9216746,4035737,2,121
9048681,9216713,2,36
9216783,6456082,2,27
9048681,9216712,2,23
5991360,9048845,2,131
5150849,9216766,2,70
5150849,9216767,2,63
6748612,9216750,2,132
6748612,9216751,2,126
9216782,6456144,2,26
9195977,9048875,2,140
8007435,9216721,2,109
8007435,9216720,2,103
5747186,9048846,2,51
9195978,9216774,2,113
9195978,9216775,2,123
4015893,9048876,2,81
5158046,9048878,2,125
8007432,9048850,2,66
4035530,9216717,2,51
4035530,9216716,2,51
9048892,9216728,2,63
5775609,9216770,2,81
5775609,9216771,2,68
8007431,9048850,2,78
7275562,9048879,2,132
9185072,9216775,2,15
9185072,9216774,2,104
5747195,9048852,2,134
9049286,9216721,2,108
9048857,9416178,2,72
5158033,9048871,2,14
9048857,9416179,2,106
9049286,9216720,2,99
3688569,9048849,2,19
9375300,9048845,2,93
4614624,9048847,2,135
8926185,9216715,2,104
4614716,9048848,2,63
8926185,9216714,2,106
4015903,9048878,2,101
9216744,9417307,2,125
9216744,9417308,2,28
9375298,9216713,2,50
9375298,9216712,2,57
5747188,9048847,2,135
9216760,4798990,2,133
5747187,9216719,2,36
8926082,9048848,2,80
5747187,9216718,2,44
4614715,9216720,2,63
4614715,9216721,2,75
5158036,9216771,2,21
9216760,4798991,2,126
5158036,9216770,2,18
9375301,9216714,2,90
9375301,9216715,2,95
9048679,9048843,2,42
9159901,9216760,2,111
9159901,9216761,2,97
8926133,9048847,2,135
4036935,9216720,2,80
9159837,9216760,2,111
8926181,9048847,2,44
4036935,9216721,2,83
9159837,9216761,2,97
4146244,9216757,2,83
5150850,9048871,2,14
7661303,9048873,2,81
5158040,9048875,2,146
5158030,9216763,2,2
5747197,9048852,2,83
9048937,9048850,2,78
8007433,9216722,2,36
5158030,9216762,2,23
8007433,9216723,2,10
4146244,9216756,2,67
5747196,9216729,2,53
5747196,9216728,2,59
4015903,9216781,2,108
4015903,9216780,2,101
7714436,9216756,2,69
9048879,8092800,2,10
7714436,9216757,2,76
9375300,9216715,2,88
9048878,6456145,2,53
4146243,9048866,2,67
9375300,9216714,2,93
9416753,9048855,2,82
2089,9048848,2,210
8007464,9048852,2,83
9216744,7985600,2,28
9416763,9048853,2,103
5158038,9048874,2,36
9048679,9216710,2,42
5991364,9048843,2,33
9049424,9216714,2,108
9048679,9216711,2,53
9049424,9216715,2,113
4614623,9216719,2,36
8926132,9216721,2,45
4614623,9216718,2,44
8926132,9216720,2,32
8926177,9216722,2,40
8926177,9216723,2,24
4035527,9048845,2,106
4035569,9216723,2,122
9048878,8766113,2,75
5158031,9216764,2,16
5158031,9216765,2,36
4117655,9216721,2,39
4117655,9216720,2,46
3688571,9048848,2,74
5158046,9216781,2,124
5158046,9216780,2,125
5747181,9048845,2,117
4614626,9216721,2,75
4614626,9216720,2,63
4614627,9216721,2,75
4614627,9216720,2,63
9048860,9417308,2,28
9048860,9417307,2,125
9295895,9048870,2,45
3731651,9216729,2,53
3731651,9216728,2,59
4036943,9048852,2,59
6640163,9216710,2,42
4614708,9216714,2,106
4614760,9216715,2,104
6640163,9216711,2,53
4614760,9216714,2,106
4614708,9216715,2,104
8926315,9048847,2,135
3688568,9048850,2,66
9128757,9048879,2,132
5158045,9048878,2,76
4036942,9048852,2,134
4614706,9048845,2,124
9196013,9048875,2,104
9048892,9048852,2,63
8926253,9048849,2,40
8926300,9048846,2,51
6640164,9216711,2,49
6640164,9216710,2,54
7714436,9048866,2,69
4614705,9048845,2,68
4614761,9048845,2,124
9048869,9159820,2,90
9048869,9159821,2,97
5747188,9216719,2,134
9185040,9216774,2,140
5747188,9216718,2,135
9216783,8092800,2,27
9048937,9216725,2,76
8926076,9216714,2,68
8926076,9216715,2,71
9048937,9216724,2,78
9185040,9216775,2,134
2236,9048857,2,205
5747183,9048845,2,106
3689922,9216723,2,119
3689922,9216722,2,143
9216747,4035694,2,142
9416762,9048854,2,22
5747235,9048848,2,32
8926316,9216717,2,139
9216793,9048845,2,90
3688567,9216724,2,78
3688567,9216725,2,76
5158036,9048873,2,18
9216747,3972564,2,144
9216747,3972562,2,142
5775606,9216775,2,116
5775606,9216774,2,146
1911,9048857,2,205
7635597,9216755,2,135
7661340,9048874,2,36
9002447,9048868,2,111
7661339,9048873,2,53
5150792,9048871,2,70
9049249,9216721,2,108
9049249,9216720,2,99
8926315,9216719,2,134
8926315,9216718,2,135
3689919,9048848,2,74
4035537,9048849,2,143
5747196,9048852,2,59
8926312,9048850,2,78
8926318,9048845,2,106
9048864,7260977,2,40
9216781,1662798,2,230
9048864,7260976,2,29
9216781,1662797,2,230
5775607,9216773,2,20
8926313,9216722,2,36
8926313,9216723,2,10
9185040,9048875,2,140
5775607,9216772,2,33
9216780,6456145,2,53
9048943,9216714,2,106
5991385,9048845,2,117
9159901,9048868,2,111
4035534,9216720,2,80
9048943,9048845,2,106
4035534,9216721,2,83
9159836,9048868,2,111
9048943,9216715,2,104
7714437,9216755,2,135
8926080,9216718,2,44
4211764,9048866,2,30
8926080,9216719,2,36
9048878,5121515,2,75
9048878,8766076,2,105
5991322,9048861,2,137
6748612,9048863,2,132
5991321,9048861,2,141
9048681,9048844,2,23
4211766,9048867,2,109
9216745,7985600,2,48
9048878,6449047,2,105
5991365,9216710,2,42
5991365,9216711,2,53
4000549,9216753,2,45
4614756,9048848,2,63
4000549,9216752,2,40
4211763,9216757,2,76
4211763,9216756,2,69
4614711,9048846,2,51
9216780,1662797,2,225
9216780,1662798,2,225
4035534,9048848,2,80
9185072,9048875,2,104
9416758,9216732,2,63
8926185,9048845,2,106
9048879,6456144,2,29
5747181,9216714,2,117
5158029,9048869,2,18
9416758,9216735,2,60
8926177,9048849,2,40
4614758,9216717,2,139
5158090,9216774,2,97
5158090,9216775,2,11
3688570,9048849,2,40
2089,9216721,2,207
2089,9216720,2,210
4614715,9048848,2,63
8926261,9048845,2,106
9216739,9416004,2,68
9216739,9416005,2,62
5991364,9216711,2,49
5991364,9216710,2,33
3689920,9216720,2,87
3689920,9216721,2,84
9216782,8092800,2,27
4211766,9216759,2,107
9216780,5121515,2,75
4211766,9216758,2,109
9375298,9048844,2,57
5747195,9216729,2,134
5775612,9216770,2,53
8926261,9216714,2,106
8926261,9216715,2,104
4036935,9048848,2,80
5775612,9216771,2,38
9049250,9216721,2,108
9049250,9216720,2,99
4035532,9048847,2,135
6673039,9216747,2,142
9049286,9048848,2,99
5158031,9048870,2,16
6748622,9216739,2,62
6748622,9216738,2,68
5747195,9216728,2,134
4036944,9216728,2,83
4036944,9216729,2,79
9048731,9048845,2,138
9048878,8766097,2,105
9048878,8766096,2,75
5158033,9216766,2,14
4015927,9048878,2,125
5158033,9216767,2,21
9002448,9048868,2,111
